10802393
10852545
10896983
10708941
10865888
10804699
10915752
10821018
10955369
10857950
10836827
10783433
10930344
10775035
10859252
10736165
10821859
10777094
10935891
10862336
10787686
10781497
10910338
10954304
10786993
10941463
10959870
10859805
10929235
10822001
10828153
10741950
10840398
10833134
10907908
10705117
10745922
10967802
10954640
10810114
10950613
10834758
10758435
10800756
10890242
10840632
10883059
10759433
10748037
10720276
10758289
10725620
10830167
10878057
10904366
10703650
10716454
10890047
10794813
10715040
10826315
10826447
10701133
10918088
10704148
10760475
10901079
10782516
10750632
10941681
10916010
10861890
10963833
10853261
10723624
10931166
10885049
10863500
10726180
10745896
10913460
10808411
10833575
10720219
10902091
10917094
10727049
10931126
10722997
10767573
10933101
10851691
10893095
10728008
10720375
10965080
10861308
10973425
10728660
10931785
10830845
10756815
10825822
10704230
10933118
10864934
10886109
10930910
10835232
10722940
10755486
10712675
10919401
10941644
10958606
10777220
10729606
10719314
10858718
10932040
10844663
10770409
10895748
10730518
10861361
10765731
10917379
10783922
10771278
10959292
10775671
10939575
10847579
10903638
10845912
10805673
10874049
10865877
10909886
10761367
10769368
10812823
10706298
10826740
10927840
10806510
10764791
10768034
10910762
10814379
10795053
10882662
10881060
10782658
10811157
10820437
10792647
10827459
10907580
10887830
10884312
10780811
10845718
10738706
10943499
10745065
10960783
10943614
10783727
10732182
10944010
10793185
10860726
10900259
10903473
10962393
10942931
10766007
10730304
10782560
10940650
10893144
10909259
10703336
10844615
10863633
10717397
10763465
10704045
10935693
10933029
10950267
10840563
10783684
10772412
10927725
10914087
10766937
10828173
10942314
10770745
10957524
10854751
10968462
10968658
10784603
10973791
10817058
10876260
10772835
10765944
10946371
10864869
10837578
10823964
10820056
10928698
10780061
10946314
10935624
10764800
10818602
10913903
10796322
10764485
10845002
10817378
10730724
10962254
10709199
10765840
10935424
10774757
10866591
10848304
10814312
10748164
10706463
10893535
10845918
10810341
10809185
10731760
10940755
10961475
10853190
10735897
10927858
10711302
10945442
10861419
10722709
10744145
10907231
10714488
10848934
10959202
10741278
10722663
10957989
10748087
10932584
10804137
10731797
10789987
10825077
10757016
10975014
10951793
10733422
10845356
10886322
10744263
10905422
10841722
10848724
10870991
10908158
10931526
10765679
10959340
10828858
10954220
10956209
10772731
10759716
10835389
10831475
10812919
10839417
10796503
10895939
10771615
10861667
10782608
10868943
10954637
10951725
10931316
10730035
10893991
10779887
10709136
10885915
10935613
10963183
10926976
10888049
10703935
10796754
10877162
10951961
10879268
10851777
10753815
10971929
10809911
10947538
10735474
10962737
10755660
10960638
10829198
10733449
10749835
10964961
10881389
10795222
10760993
10944805
10720996
10965098
10842431
10816236
10829687
10751345
10922905
10915859
10893258
10793862
10953125
10834998
10931431
10862490
10751034
10865767
10792978
10798152
10738813
10778872
10833373
10954328
10742846
10797827
10760978
10847705
10853307
10866990
10825624
10887607
10769329
10704040
10893818
10801852
10814608
10974509
10735522
10781398
10945594
10745532
10910442
10833761
10892862
10817001
10745217
10823178
10753978
10904048
10774519
10896817
10800851
10955374
10836426
10912344
10870294
10838001
10802054
10847981
10871644
10921015
10855638
10786298
10765959
10886401
10842765
10799546
10701810
10842162
10867452
10948164
10721681
10812528
10831804
10760310
10886378
10965157
10895847
10920450
10925463
10736509
10723612
10945399
10860623
10726486
10828621
10810431
10781684
10719208
10813207
10732859
10839654
10915518
10746659
10768339
10943398
10764413
10799522
10951717
10764159
10891396
10845236
10727603
10781898
10836933
10864407
10822155
10919294
10947627
10878142
10812696
10772676
10701994
10793836
10736279
10810288
10774611
10926074
10924248
10894583
10841324
10799757
10791328
10767342
10942622
10973199
10709754
10973501
10852920
10763158
10859621
10948391
10936084
10855863
10702424
10801106
10915564
10748041
10712051
10890892
10833591
10845063
10937912
10770044
10779331
10872898
10751511
10945187
10974877
10858612
10918979
10968403
10969064
10790486
10876346
10748296
10837489
10933742
10755116
10907477
10959168
10701086
10771375
10884306
10918009
10819221
10891121
10754492
10843870
10888816
10938921
10835735
10765634
10759463
10723092
10787429
10938769
10806263
10766772
10917925
10921711
10903068
10895822
10766593
10757779
10857250
10892561
10726464
10774762
10727373
10923098
10779080
10911016
10958947
10738578
10741087
10894718
10716072
10957227
10810739
10756407
10761814
10769541
10701606
10875298
10914079
10954307
10768512
10871071
10745014
10939252
10844383
10969974
10747057
10944752
10738523
10703631
10921494
10736989
10734343
10851938
10700715
10909758
10823155
10915968
10773148
10803795
10968950
10951970
10815142
10910807
10708368
10739807
10867508
10849316
10769319
10737566
10963068
10771643
10734750
10962894
10888030
10773926
10865511
10865731
10842747
10773215
10945211
10810037
10931364
10774238
10701105
10841405
10924982
10802134
10878617
10708952
10958551
10821580
10766542
10795842
10929048
10943292
10775304
10856936
10719550
10839118
10700980
10818558
10783889
10848908
10881896
10961401
10811846
10826233
10867748
10782771
10754951
10874450
10831148
10798731
10908115
10948235
10885905
10785265
10959998
10754591
10805221
10846419
10926473
10781206
10790679
10825851
10963898
10893820
10911295
10880025
10921955
10906198
10822377
10854878
10884742
10886768
10912747
10822895
10721556
10872153
10958527
10889399
10728246
10709642
10844450
10737092
10705727
10736545
10781738
10727948
10731001
10719507
10916811
10708863
10890767
10802692
10916707
10945054
10931640
10722588
10742595
10822850
10843063
10932805
10723210
10847328
10781017
10793170
10944164
10895241
10881178
10775263
10765943
10941731
10944787
10700280
10805530
10969772
10878377
10823219
10754136
10858949
10864482
10942264
10833609
10913818
10842995
10715690
10824114
10830463
10739817
10833140
10809265
10817138
10817332
10857637
10739630
10770004
10825135
10972161
10772151
10765853
10914796
10773400
10723416
10777589
10841522
10953166
10885833
10833025
10777848
10836602
10942110
10949559
10712778
10729594
10739491
10953088
10901874
10925923
10751041
10741622
10807222
10965370
10740868
10812138
10853113
10863255
10919225
10719175
10957382
10827832
10885975
10895076
10889273
10800561
10733846
10817994
10918789
10951555
10731107
10876822
10856059
10812768
10761078
10870947
10918433
10708151
10953494
10789413
10867310
10756746
10726461
10923988
10710224
10723866
10768266
10800701
10726374
10793991
10941110
10883181
10701480
10895547
10782459
10932334
10968316
10970170
10846149
10777010
10801068
10825514
10785561
10814310
10963110
10950816
10771031
10732127
10734593
10778519
10792674
10815118
10764202
10741409
10952145
10876475
10703446
10876869
10707594
10797460
10840464
10722679
10794891
10966235
10933716
10721766
10930928
10858557
10831512
10854026
10919302
10808013
10850116
10881315
10824690
10744499
10736020
10730825
10874136
10845251
10871267
10890453
10895186
10916436
10826317
10762991
10831544
10700538
10757523
10832767
10806236
10846051
10726242
10953574
10772926
10833918
10850779
10712540
10868140
10934753
10881416
10785637
10927451
10738587
10749070
10894169
10939562
10876473
10767928
10900888
10882610
10714803
10839078
10790957
10753121
10705537
10791255
10741511
10809881
10703855
10757236
10743119
10763734
10889917
10956473
10920386
10712063
10831927
10829053
10785878
10876294
10766868
10939082
10798828
10912771
10960157
10942904
10946982
10812720
10731947
10824672
10700554
10802385
10922440
10762682
10827344
10838028
10854256
10754074
10765370
10833102
10899630
10730780
10741023
10872112
10740823
10729586
10730699
10943394
10838844
10901686
10910421
10959433
10725497
10898293
10714622
10821960
10830516
10939807
10746231
10946470
10837158
10758320
10914933
10775521
10803980
10855005
10802777
10830546
10727006
10897268
10915370
10834532
10850043
10925230
10834846
10906631
10920301
10746288
10754419
10963315
10816558
10934068
10731194
10701519
10784161
10906876
10814321
10863754
10718370
10830361
10811470
10809779
10907207
10743920
10809474
10938541
10968011
10755405
10868317
10779070
10726167
10847817
10754163
10744382
10727735
10889918
10752990
10934205
10780217
10720430
10891500
10715376
10792710
10759996
10941334
10780510
10849161
10826152
10700373
10704465
10888321
10816890
10974936
10943886
10718471
10933866
10748975
10818654
10742100
10858595
10832162
10707411
10785180
10761166
10948823
10768534
10895757
10898168
10731093
10742490
10829844
10788613
10940618
10816912
10791552
10808406
10967750
10742657
10891045
10818904
10935073
10910298
10718106
10811042
10749333
10825054
10922198
10867236
10767331
10926527
10746392
10952443
10792973
10738994
10927753
10706574
10898355
10865510
10754603
10865935
10786207
10921238
10865271
10771137
10720025
10735875
10767453
10775232
10700567
10846241
10919730
10922696
10789604
10775764
10955916
10808184
10823057
10956417
10875546
10958689
10930626
10811826
10852163
10723550
10835140
10898401
10896540
10713235
10908512
10904356
10943049
10908106
10951108
10898451
10835927
10851014
10794436
10764789
10955270
10827437
10707719
10936960
10953967
10972325
10838033
10900116
10926600
10825045
10830725
10860456
10902366
10834016
10862287
10942002
10860517
10762722
10813715
10881808
10775824
10767578
10738753
10950343
10828983
10928346
10711615
10958290
10719658
10718916
10947563
10890600
10821027
10847842
10911780
10848187
10878655
10863542
10702997
10745101
10961159
10709242
10820680
10957567
10881138
10945729
10874137
10920589
10839689
10830230
10704215
10937970
10814931
10765546
10824670
10901767
10956722
10735768
10837715
10833860
10958169
10850479
10871401
10820833
10970769
10782643
10761800
10937176
10717465
10755633
10944800
10738178
10801177
10940014
10782079
10942252
10935494
10857922
10711509
10819967
10890326
10891264
10876671
10801509
10797243
10774147
10702722
10949204
10968382
10825597
10899290
10749753
10717730
10840763
10768400
10803081
10771068
10780274
10943860
10782692
10706415
10860245
10816916
10911039
10774581
10721308
10904608
10849251
10865189
10718174
10871859
10943694
10914967
10857819
10894906
10803933
10864486
10895260
10974983
10855453
10913167
10729766
10852475
10742107
10900587
10891213
10767228
10719171
10767486
10846551
10923070
10726179
10894499
10970823
10896267
10972462
10838729
10842706
10738918
10847160
10762106
10768997
10970158
10725057
10840596
10942708
10965675
10969766
10719221
10743553
10722449
10919828
10727222
10732429
10812959
10734126
10759373
10917535
10831009
10899755
10920941
10902587
10910712
10889904
10804316
10971157
10709409
10850132
10965148
10844637
10706625
10822669
10752189
10731306
10905711
10911642
10802482
10738695
10942408
10831659
10733541
10761915
10805921
10803142
10960427
10797621
10967183
10867120
10910023
10721623
10920409
10740995
10816295
10721886
10733357
10849789
10755907
10942744
10933652
10759240
10725191
10768960
10920058
10871906
10740900
10942541
10759077
10845515
10905581
10783048
10917020
10814288
10883447
10824131
10842533
10943769
10720914
10720171
10785116
10970036
10867856
10870171
10889131
10787447
10880411
10920712
10896129
10919088
10901676
10923201
10821190
10710330
10889541
10894702
10954714
10962268
10912353
10970515
10942386
10908042
10841687
10956246
10889800
10954701
10793208
10903655
10829691
10932697
10909487
10748001
10794296
10715351
10806392
10808682
10906108
10857981
10799081
10906397
10880755
10834444
10773249
10869146
10737885
10714685
10966340
10921367
10773985
10893524
10925093
10717274
10932770
10895720
10917576
10925330
10845465
10936070
10880261
10774070
10940935
10910555
10758648
10735846
10756664
10973903
10718071
10724945
10844737
10722038
10787508
10735677
10965350
10740605
10887202
10860589
10753356
10764155
10796727
10919385
10794790
10882853
10826511
10758634
10967732
10940048
10878032
10947762
10909994
10799510
10770508
10954886
10908620
10785795
10852978
10753745
10854188
10751031
10849349
10947193
10705191
10960787
10772082
10735869
10818258
10890678
10862972
10934762
10973056
10839593
10837026
10831010
10717658
10840092
10772865
10845995
10747257
10892219
10750232
10944291
10950402
10778221
10888421
10940584
10968874
10806543
10794642
10776231
10715824
10967296
10779156
10710128
10813880
10872841
10765006
10873832
10868552
10813927
10713125
10906504
10853399
10841214
10795058
10952553
10717604
10795472
10778985
10862667
10779986
10825754
10847413
10891407
10836465
10859448
10848553
10797858
10967127
10922495
10787250
10807860
10887118
10739601
10711269
10959616
10876143
10827916
10746900
10805477
10821730
10961717
10846496
10967279
10837629
10900960
10708106
10726930
10738504
10714315
10712326
10775832
10829599
10931223
10746485
10733240
10855296
10806239
10902808
10811504
10811299
10912924
10841051
10781248
10736119
10760466
10818649
10852946
10786736
10863468
10726300
10953318
10809600
10936381
10712535
10970731
10747787
10944226
10837666
10794141
10875474
10885568
10810845
10717717
10858939
10734733
10851378
10927586
10884380
10907318
10891668
10741350
10805444
10880553
10776938
10809328
10865054
10720285
10802284
10872620
10782407
10931750
10808917
10807583
10738550
10884150
10809827
10876261
10723179
10755146
10854679
10718583
10912267
10719473
10848152
10926881
10876680
10753055
10795715
10768248
10915583
10864040
10724580
10781468
10771972
10889829
10905450
10914379
10889205
10930922
10901841
10924103
10975772
10907981
10932955
10807526
10792170
10876753
10872390
10806575
10825518
10746914
10946581
10781039
10829448
10718930
10935475
10711864
10959694
10710229
10823006
10748519
10931109
10922555
10804226
10710940
10833122
10782393
10846730
10955930
10921430
10960350
10952582
10967212
10745566
10970282
10741470
10802955
10899148
10756234
10806449
10897756
10755714
10918737
10725272
10723450
10780674
10790744
10940106
10886177
10827581
10870261
10867022
10936969
10735736
10945038
10886492
10835554
10735977
10788880
10781769
10713203
10722741
10749045
10740045
10773673
10849158
10787832
10714366
10798984
10829635
10846649
10881909
10803893
10779186
10820907
10829882
10729151
10916492
10759835
10932936
10950199
10857439
10703553
10826702
10972454
10805234
10769348
10907546
10749981
10948445
10848725
10890083
10723101
10711943
10794640
10816001
10819710
10945479
10749425
10974008
10864283
10778922
10838251
10745558
10782593
10839759
10787831
10783574
10953413
10700360
10719246
10791103
10932231
10781553
10894953
10735586
10783496
10753716
10943168
10729113
10958550
10809653
10805724
10751169
10728139
10790876
10742611
10902528
10740796
10935777
10902621
10936890
10861967
10895446
10797872
10928911
10921629
10828304
10961297
10782110
10821554
10843952
10720456
10733153
10940233
10860334
10862809
10907869
10962844
10890496
10749877
10799018
10930068
10792517
10906234
10906168
10797756
10794012
10898241
10703794
10787286
10700595
10858716
10737406
10719811
10940699
10793844
10752520
10716697
10923817
10831136
10912392
10959933
10803070
10942104
10773386
10710585
10712401
10752687
10790928
10882267
10728812
10739654
10950708
10859995
10781846
10822079
10816478
10951098
10964971
10811710
10907069
10774858
10945792
10893966
10811637
10924153
10949199
10844332
10796079
10886308
10713337
10713583
10864816
10852250
10809850
10753922
10892992
10942019
10750973
10953407
10837812
10873434
10751221
10720641
10871077
10898448
10803590
10895414
10791620
10775105
10826594
10961332
10934571
10869545
10808205
10946907
10839868
10910924
10754548
10753727
10713266
10865500
10911279
10739259
10764212
10717732
10798226
10793348
10740433
10906402
10787317
10707705
10897002
10859937
10833003
10928009
10945973
10913990
10766471
10770174
10949979
10884665
10946521
10743345
10974324
10942318
10921362
10771186
10767895
10881065
10804559
10785749
10758748
10817595
10920704
10964997
10876656
10803133
10748905
10947583
10859164
10713059
10824903
10708897
10869299
10863810
10963003
10888213
10856654
10737789
10719646
10749412
10780867
10881707
10744650
10908939
10803455
10798245
10847061
10853844
10803624
10930570
10759647
10781560
10712803
10940135
10856040
10705343
10753082
10946450
10780890
10968758
10737218
10852804
10950742
10891793
10974081
10943174
10717882
10934038
10770229
10881870
10902886
10850897
10770852
10961281
10843447
10806349
10775528
10951968
10723672
10859685
10807113
10829785
10838452
10932373
10864960
10933542
10806613
10927196
10866690
10737792
10951492
10801196
10955854
10831786
10874415
10767978
10889555
10819728
10924605
10861409
10768410
10972612
10889148
10872256
10963688
10948775
10725068
10793418
10926953
10743085
10827144
10715467
10761842
10954347
10968816
10826286
10715992
10974727
10920277
10917207
10781878
10856392
10864572
10792979
10922408
10882190
10882122
10839316
10741196
10965743
10947415
10781833
10801745
10792498
10946688
10875140
10881522
10700656
10750325
10928062
10717713
10811602
10858931
10949453
10938596
10946509
10813141
10751300
10806002
10804957
10837431
10883367
10834534
10874931
10727924
10825869
10927524
10743631
10723472
10717467
10839111
10974662
10904998
10945564
10730805
10968961
10749865
10936496
10861180
10769928
10822370
10876166
10810064
10719481
10914714
10882742
10968074
10908104
10855497
10751769
10952090
10932442
10889353
10733222
10710115
10849132
10758182
10887163
10813374
10923218
10738293
10841950
10962195
10761158
10846430
10879543
10901766
10733042
10901497
10799663
10964158
10969061
10825717
10844951
10756385
10707982
10812691
10792178
10776395
10957847
10936180
10781694
10842080
10864313
10914415
10819396
10827082
10952282
10872851
10744310
10851016
10766098
10860668
10917459
10903505
10960149
10812596
10887604
10873179
10920316
10864504
10704704
10765001
10799192
10743976
10754344
10802080
10814768
10879817
10773270
10827796
10800707
10823561
10866401
10708058
10846180
10700314
10822874
10878786
10910264
10865906
10785232
10894414
10876709
10948331
10900766
10886343
10969236
10841607
10893906
10917852
10865119
10780383
10772822
10858610
10830656
10881232
10862286
10839712
10974148
10743056
10890983
10745340
10728307
10971816
10962322
10952934
10932655
10782867
10972596
10790035
10875966
10855900
10879937
10927702
10781463
10829365
10732187
10733596
10967171
10853963
10819988
10861349
10952361
10974218
10872309
10753882
10862514
10911949
10842583
10847683
10797839
10950859
10777644
10804618
10714279
10972333
10744802
10845311
10917876
10743734
10947256
10806784
10953948
10778236
10840532
10877320
10787643
10786986
10855711
10852054
10901902
10885221
10775392
10907441
10738837
10854020
10964045
10760918
10725404
10963047
10783010
10715134
10702462
10815627
10863996
10891892
10938159
10704072
10893009
10893156
10868008
10952073
10898810
10858566
10732640
10905374
10908622
10830770
10951894
10738989
10838903
10804383
10772953
10969583
10713253
10975672
10823032
10939278
10788272
10910645
10935331
10909191
10765437
10971489
10952314
10832085
10849527
10819205
10849918
10711414
10847903
10776436
10804031
10857782
10792907
10859513
10773526
10783529
10814487
10862644
10718699
10817746
10893325
10815622
10735277
10915620
10876909
10757355
10788461
10794215
10704602
10717277
10850511
10823539
10961846
10863023
10828457
10715348
10707384
10780582
10725443
10892218
10798573
10861355
10724789
10723584
10818400
10825773
10924939
10962381
10905385
10949883
10840360
10769201
10751453
10843985
10869231
10772630
10748460
10921660
10924908
10808421
10828371
10730076
10832673
10955184
10839715
10930704
10861999
10947782
10760072
10802106
10833983
10784967
10743844
10929218
10858271
10817480
10946489
10892096
10707044
10784341
10736520
10960788
10733026
10784820
10926211
10875471
10941045
10885686
10786518
10947530
10943785
10929919
10913876
10869869
10912562
10958749
10707438
10957788
10723814
10770721
10854663
10779339
10786330
10766660
10738265
10892583
10734218
10881278
10835240
10898200
10822864
10740494
10706970
10975504
10960554
10746989
10906038
10909910
10784963
10712237
10855613
10704080
10951134
10813689
10785872
10786191
10845955
10811207
10927182
10860322
10853211
10702868
10964848
10831850
10827355
10920099
10735028
10912341
10911328
10930565
10770263
10896850
10762542
10722130
10776398
10871237
10878411
10901024
10920701
10901380
10873273
10922304
10768827
10706436
10849694
10922533
10947447
10910416
10849968
10876865
10944968
10856041
10895861
10751050
10818494
10921151
10816853
10862894
10779484
10758007
10756335
10755038
10958333
10778485
10732959
10908767
10804787
10855325
10954285
10855228
10802782
10810715
10969056
10964343
10844523
10702485
10876450
10911114
10784562
10714500
10834492
10706534
10737057
10752103
10731261
10787536
10932988
10739146
10966909
10874200
10753958
10728627
10772861
10895734
10783281
10799623
10862432
10930777
10829434
10731046
10885881
10804850
10941850
10959711
10917904
10716330
10834015
10900233
10870203
10926939
10928087
10714358
10835141
10815552
10921680
10756563
10972409
10773477
10886861
10803055
10826199
10922534
10970820
10767149
10857478
10972093
10766661
10867233
10861772
10875007
10942843
10734430
10782908
10789166
10885183
10827246
10781269
10758136
10813486
10835070
10715597
10763126
10840716
10729773
10889050
10948289
10730779
10899759
10907627
10852085
10766069
10757721
10745553
10806418
10743898
10933712
10765460
10763002
10853893
10901635
10763779
10835709
10785606
10796088
10888759
10928548
10822061
10838676
10922662
10888697
10888226
10767521
10786812
10729599
10822058
10908735
10934210
10975055
10702674
10894917
10808638
10749205
10830928
10855708
10870233
10934196
10779442
10779954
10921469
10830571
10732058
10742521
10899404
10897803
10927125
10971609
10910032
10961190
10933601
10937159
10912609
10731663
10839938
10712376
10935045
10763163
10732813
10873719
10910684
10946615
10788275
10759914
10737832
10700714
10836504
10905437
10786731
10823070
10768170
10751730
10741968
10706657
10899089
10758593
10974107
10782340
10802607
10948159
10827514
10873412
10899261
10783172
10772621
10857930
10850185
10764689
10787244
10972440
10725490
10947748
10853795
10805489
10707190
10836511
10937846
10738048
10970270
10704873
10859054
10784089
10948621
10831519
10773511
10857509
10746639
10814178
10832150
10806767
10778912
10929015
10935101
10893807
10716280
10959983
10905088
10748688
10901188
10880646
10766391
10766812
10802829
10797745
10768808
10859717
10900559
10802744
10961047
10758563
10750704
10855342
10963984
10799342
10731198
10756568
10737922
10742755
10871335
10810545
10757243
10950377
10914978
10780570
10716071
10887996
10838187
10764489
10872533
10856586
10894845
10785765
10763786
10884843
10839782
10704196
10919962
10960266
10937311
10706874
10719011
10965794
10847212
10750000
10726706
10716542
10782439
10720608
10867133
10858578
10793456
10902131
10709755
10708772
10821485
10728914
10816564
10731456
10807778
10716609
10862369
10975678
10722197
10707071
10939704
10925891
10860884
10783065
10816803
10740394
10798789
10919744
10826468
10925358
10717194
10715008
10781499
10700945
10771433
10841301
10773647
10829001
10891527
10928256
10790295
10913917
10919521
10759337
10726770
10829563
10962421
10972256
10939423
10712105
10754942
10708042
10756185
10924337
10732477
10731356
10752089
10810413
10711624
10864959
10868957
10761132
10883213
10896973
10918984
10736781
10800680
10727365
10862944
10874778
10847631
10763770
10885466
10720554
10777639
10900114
10758135
10772191
10750479
10886212
10791508
10861837
10797843
10901421
10805955
10870246
10737740
10926996
10896447
10757034
10773783
10940059
10926967
10861798
10843090
10812963
10815084
10855077
10970800
10817253
10806626
10945311
10915182
10782740
10953469
10919761
10752920
10909534
10896415
10956462
10882002
10841085
10841477
10797588
10852213
10812523
10873986
10960449
10854414
10845699
10856326
10817568
10928350
10713755
10892839
10926572
10710123
10811230
10899858
10954854
10737967
10722781
10962531
10865548
10872701
10777504
10951984
10717737
10900881
10770135
10956951
10700907
10823038
10829240
10905924
10770444
10859351
10804136
10924525
10931636
10882645
10879512
10700319
10719770
10908637
10895098
10962332
10772601
10961344
10738976
10847925
10916503
10729899
10890406
10723124
10891488
10790823
10836124
10868629
10915759
10802963
10809930
10953220
10844860
10842787
10869819
10899327
10892929
10860014
10786480
10949581
10787726
10828886
10873534
10762774
10824071
10902418
10712853
10751929
10772095
10718118
10970217
10792331
10907877
10727874
10885521
10928085
10721384
10957961
10818814
10912614
10886468
10881127
10820557
10758890
10796605
10897601
10817546
10874009
10904811
10835942
10914687
10919887
10708406
10787957
10783271
10718049
10919542
10740621
10960688
10903397
10865604
10737556
10838446
10942410
10805378
10811769
10862995
10855322
10721071
10863225
10835770
10832391
10890531
10927565
10841754
10856796
10836989
10905738
10953012
10963101
10832090
10818622
10757950
10797080
10957056
10937023
10807166
10955096
10857041
10820028
10770904
10968041
10783659
10743417
10722039
10811848
10874564
10866658
10777311
10889962
10711103
10769856
10919982
10781135
10860540
10798588
10713652
10936756
10914575
10890507
10792677
10951889
10955840
10851603
10764320
10895175
10900856
10884075
10967424
10892151
10757000
10700446
10786508
10704570
10794798
10937306
10818209
10917339
10962102
10818761
10757897
10920360
10968551
10845922
10860956
10845777
10895082
10726635
10785402
10841625
10869854
10834437
10927325
10716871
10827582
10925513
10763267
10963801
10790698
10813366
10905744
10869117
10766079
10873158
10702426
10721172
10722589
10964683
10718113
10742508
10832052
10778013
10835596
10896990
10856992
10926827
10951768
10852137
10944878
10916461
10799053
10919179
10835700
10935400
10854753
10804053
10707691
10876586
10846329
10903930
10829948
10702125
10713826
10718309
10955109
10884724
10854045
10966015
10866988
10805868
10860542
10827465
10835784
10844886
10770982
10910681
10791099
10823479
10831182
10834858
10952149
10837420
10845936
10705994
10948776
10872424
10702478
10857222
10708266
10768300
10957820
10878964
10789533
10733252
10951199
10933733
10878814
10842606
10940951
10912234
10836437
10897295
10797417
10739016
10766788
10780792
10876676
10937099
10881048
10972487
10884058
10836847
10916366
10870262
10851420
10705409
10803220
10758473
10881779
10834748
10765265
10728326
10926139
10914036
10877891
10844520
10770838
10915437
10779638
10877497
10796372
10887899
10715492
10791367
10730072
10902055
10964203
10870410
10867667
10875489
10926125
10741449
10929799
10703288
10765706
10733302
10844534
10845640
10814242
10773836
10814252
10869359
10796243
10711460
10716458
10714649
10793017
10940970
10807030
10971225
10953773
10792733
10895944
10901701
10959114
10761322
10710015
10780476
10700135
10843268
10804588
10791162
10800552
10784672
10829156
10816984
10872082
10921304
10735115
10898354
10963549
10830690
10772908
10839704
10781534
10931307
10830000
10955378
10759630
10919941
10719899
10869100
10961192
10820348
10948842
10740366
10946175
10825965
10966764
10757023
10748049
10768612
10836097
10774562
10942976
10879415
10866416
10781631
10921723
10897812
10943051
10876135
10974238
10961325
10779111
10736532
10840025
10912580
10920188
10831045
10944248
10814756
10808517
10946703
10923983
10889822
10759019
10722727
10933449
10724216
10836139
10794074
10855684
10736181
10871404
10957773
10889059
10902723
10742112
10971908
10914058
10804659
10701496
10900547
10962710
10762711
10746903
10737806
10715843
10950798
10963797
10914935
10912996
10892958
10800557
10971087
10794081
10925692
10725125
10821650
10934392
10828149
10971439
10969723
10809757
10836600
10746771
10896658
10770366
10911117
10848134
10753182
10767797
10881377
10963052
10915874
10740671
10901550
10911622
10951011
10889459
10843970
10902767
10962382
10792690
10831469
10900083
10918665
10881274
10941037
10924086
10959592
10956445
10807291
10777598
10973253
10928484
10746107
10880089
10859368
10860314
10762067
10855274
10931047
10949676
10782458
10731552
10779370
10715012
10803441
10801046
10763094
10732652
10919207
10725448
10824773
10804667
10838320
10846492
10907314
10869369
10852133
10877351
10956760
10905021
10705565
10913252
10772749
10791896
10974875
10872051
10952892
10947022
10827838
10942961
10848143
10869575
10852650
10782315
10808162
10750848
10749158
10878700
10798486
10859042
10935446
10948804
10800218
10785450
10791789
10973356
10866703
10880294
10939229
10759874
10863716
10808419
10831885
10961872
10802740
10963619
10904917
10729778
10963366
10710878
10788521
10720141
10931701
10926702
10936923
10832137
10946044
10973428
10740867
10813638
10774076
10780774
10878474
10913546
10922466
10703456
10855523
10781945
10821317
10962110
10732559
10751671
10861990
10930519
10961588
10943413
10712546
10801820
10756201
10834593
10890199
10750960
10931997
10715847
10787454
10886168
10809358
10802079
10973551
10842590
10974575
10739017
10856265
10765652
10839032
10887965
10917047
10896821
10818963
10847386
10939663
10876443
10847238
10973090
10718183
10746402
10906829
10841150
10858102
10855500
10952593
10929599
10886485
10708933
10770007
10926010
10907483
10700436
10893750
10970404
10865708
10919700
10884701
10925601
10706176
10959421
10849890
10748816
10880092
10758933
10959634
10705125
10923719
10844300
10919821
10833984
10950453
10939558
10972174
10967682
10951149
10718179
10829338
10901535
10852963
10842506
10888704
10886968
10732423
10911156
10833426
10706623
10776278
10740540
10864873
10953741
10967121
10921929
10735762
10829368
10948273
10908834
10869444
10700500
10832110
10743464
10975413
10932942
10717242
10703869
10773075
10731522
10948473
10710487
10944766
10797728
10915153
10939401
10930636
10751461
10726526
10827536
10779276
10933656
10848683
10780321
10705419
10770337
10701040
10823535
10884891
10835014
10739956
10877529
10938180
10829697
10931228
10715991
10785714
10740447
10797549
10891350
10792200
10750476
10922473
10887617
10766012
10836780
10945743
10854410
10892133
10973508
10734802
10966134
10937658
10859596
10883072
10847767
10752502
10772623
10805271
10866270
10807552
10730503
10708838
10955647
10879327
10931932
10888215
10874875
10777034
10938074
10828602
10970254
10872139
10839292
10783792
10939543
10751359
10758207
10857955
10958031
10781201
10731815
10870832
10889957
10751606
10845931
10837877
10926280
10745646
10849954
10795398
10826738
10821442
10789771
10968739
10720870
10707958
10885694
10966694
10726299
10827653
10971769
10850179
10762622
10875080
10825266
10703081
10747892
10885894
10770631
10774751
10854220
10763785
10831113
10760235
10725282
10766508
10967958
10750861
10813889
10866136
10828827
10922746
10948343
10888425
10863999
10948612
10924677
10710398
10726720
10750867
10900522
10744234
10929163
10848488
10929735
10748357
10889901
10799060
10734326
10868842
10877468
10877590
10784651
10746303
10817257
10864245
10818587
10911988
10797419
10826772
10820755
10880125
10915779
10957256
10948801
10908193
10892912
10797575
10918560
10853052
10851198
10928922
10940291
10898852
10851035
10783152
10839352
10804147
10893543
10892247
10726403
10847601
10709151
10904741
10889937
10825430
10951960
10834197
10873291
10960608
10790415
10931754
10746394
10855618
10886655
10915414
10815216
10790502
10773243
10928227
10913629
10940143
10855105
10826314
10703645
10869129
10937661
10725504
10744657
10730972
10755025
10969122
10767584
10756210
10802679
10703112
10892259
10885575
10830712
10861774
10732858
10853039
10906525
10805839
10841057
10749268
10745035
10851966
10943145
10854071
10700394
10840875
10947456
10709812
10954872
10944837
10745181
10768301
10821381
10763128
10734769
10843191
10808642
10724888
10797540
10943800
10833536
10767726
10961668
10850159
10732256
10741787
10933280
10903441
10887083
10737506
10913516
10893358
10868091
10901844
10711159
10921911
10939018
10950925
10812142
10765716
10962558
10862863
10725025
10898030
10822006
10947941
10975469
10918669
10746551
10964807
10789567
10910158
10858585
10777676
10756566
10929457
10931299
10872707
10921160
10741430
10829751
10867051
10972284
10908450
10741214
10858654
10835370
10834832
10912898
10851348
10899688
10800743
10919681
10759961
10899165
10833846
10914153
10960135
10726395
10841629
10814866
10715243
10905262
10744651
10833815
10795005
10937126
10943372
10829221
10783490
10721952
10953682
10912945
10735968
10722703
10703598
10838971
10921273
10776822
10941706
10761358
10781184
10770630
10742654
10815729
10718933
10841552
10904244
10796662
10709239
10718016
10781984
10765293
10846227
10917874
10801174
10878714
10708966
10786722
10882209
10755885
10921917
10735067
10806544
10783970
10813424
10876498
10751968
10773856
10854002
10905433
10902934
10786938
10863305
10711325
10810232
10718383
10961769
10956174
10934027
10741363
10890775
10933839
10845116
10825097
10961719
10821761
10911665
10744040
10841102
10806222
10879618
10917174
10954703
10862175
10876472
10814080
10760323
10805421
10718099
10922919
10963471
10726676
10710423
10921058
10851273
10798084
10734079
10770389
10920397
10859483
10764166
10907616
10847843
10851046
10835897
10893904
10764495
10832643
10948895
10720443
10880546
10891502
10935404
10761148
10933528
10830962
10760718
10838417
10972746
10961503
10817709
10724172
10895339
10768959
10708550
10846258
10933369
10845482
10759297
10713122
10717674
10782149
10883606
10705203
10798668
10971863
10758171
10745818
10708890
10930039
10930197
10899928
10835761
10767604
10884135
10834742
10834965
10896247
10924353
10705953
10937864
10965546
10902391
10736817
10787278
10760433
10868230
10928325
10826810
10904902
10755409
10865622
10905042
10868141
10789076
10795697
10907535
10775238
10800592
10825827
10921575
10743157
10762389
10758052
10894551
10774905
10732360
10772109
10864437
10860696
10816710
10730989
10854338
10808830
10726301
10932291
10949313
10791833
10824203
10800672
10738891
10806090
10972264
10868070
10827511
10931894
10899424
10783954
10841791
10953057
10855107
10850720
10884598
10927431
10724250
10821272
10869771
10790133
10739448
10799145
10752018
10909741
10727962
10844505
10804885
10823488
10876746
10941261
10840730
10849931
10770056
10920994
10732455
10915710
10751800
10722987
10969340
10918062
10900568
10825243
10967300
10808747
10963972
10754328
10756714
10876617
10724184
10852937
10937897
10846736
10829438
10903333
10941524
10709363
10715455
10928157
10827276
10784581
10880197
10814517
10890564
10870434
10718991
10897672
10876999
10722508
10849569
10962895
10751239
10779928
10856359
10742106
10787196
10740132
10908361
10896988
10848914
10776459
10968183
10768888
10760998
10808099
10919018
10960203
10743173
10772098
10937091
10718360
10778612
10950799
10702928
10703056
10734181
10886393
10890374
10888880
10732343
10857113
10942682
10784734
10816633
10790700
10927828
10840000
10960531
10701453
10776257
10806827
10750684
10731329
10922055
10780653
10967147
10808219
10725719
10775065
10970815
10876773
10935956
10903915
10740518
10873992
10871658
10893352
10944903
10924112
10944859
10967869
10829285
10765778
10803760
10957049
10800999
10758722
10888621
10837738
10885950
10915791
10911398
10950520
10795045
10948423
10749690
10955123
10721226
10833118
10917441
10905229
10720935
10833822
10966062
10800269
10859772
10740482
10793639
10712340
10700066
10874502
10974804
10973280
10970341
10933079
10952098
10723658
10754828
10973174
10833758
10869891
10727575
10861042
10916236
10754626
10927556
10835781
10973560
10826518
10700301
10964695
10771376
10947607
10876970
10801786
10900005
10974336
10907742
10840990
10852243
10937236
10732929
10876144
10838841
10825172
10937590
10945797
10953879
10776675
10939907
10839039
10902883
10792751
10935583
10855008
10835405
10866256
10899878
10903090
10737209
10835158
10973278
10787970
10740916
10821420
10809977
10946993
10880542
10819200
10966870
10862572
10925737
10905298
10773113
10805983
10857173
10772768
10969486
10869660
10929342
10713717
10850034
10907931
10929052
10773846
10956655
10970814
10723181
10968372
10746609
10788654
10882178
10776312
10802830
10943158
10920361
10910866
10785046
10942647
10867965
10809297
10719329
10862626
10749335
10974444
10817939
10943844
10727419
10769434
10841325
10798283
10832126
10899400
10820220
10744547
10882872
10899444
10866661
10779238
10730872
10700062
10878255
10834331
10840886
10770223
10871011
10801384
10873126
10714259
10827760
10792063
10733115
10817569
10718226
10707253
10890558
10874711
10794837
10703287
10866282
10933898
10942007
10724734
10928089
10811885
10869993
10855851
10797538
10922677
10975489
10834605
10925607
10807231
10795248
10822689
10861227
10932101
10959516
10877020
10793891
10789124
10905401
10866453
10779383
10792176
10852735
10957591
10708571
10779155
10966790
10772430
10917917
10717173
10957997
10869934
10704151
10874706
10868759
10835060
10893285
10833806
10793689
10885693
10761702
10751206
10942760
10802657
10844321
10972197
10718409
10954541
10726873
10865658
10884187
10911955
10771904
10888438
10718819
10839629
10813471
10946505
10729103
10882843
10812910
10954743
10784038
10927118
10934678
10971778
10710317
10889885
10762982
10859020
10974973
10716142
10881654
10954181
10778923
10723148
10914899
10907337
10745982
10807629
10901437
10930015
10948394
10770474
10792408
10797444
10838766
10874754
10755083
10708086
10736057
10951024
10862335
10869809
10841157
10975752
10781508
10705761
10900113
10888721
10914256
10726195
10875730
10817486
10929998
10863713
10846679
10822249
10725690
10845445
10854553
10944551
10728503
10809781
10872453
10892123
10740255
10746164
10702088
10749365
10830367
10879660
10827631
10870347
10858352
10766327
10955921
10834907
10942557
10789511
10886888
10936839
10898888
10899104
10890773
10899015
10742069
10823816
10925249
10764103
10865930
10808169
10972937
10774044
10940158
10806258
10968581
10912484
10825001
10834759
10884335
10805879
10856275
10838687
10849374
10737410
10881793
10960478
10944162
10805984
10861621
10726130
10916871
10816646
10851485
10812355
10935267
10859122
10892899
10725503
10783359
10832803
10857000
10744697
10816504
10876101
10773319
10870527
10865146
10920679
10712784
10702160
10909731
10898162
10857545
10852346
10881710
10707010
10856254
10954038
10884321
10708920
10879402
10812873
10884654
10832362
10753281
10953653
10827825
10736315
10782287
10921271
10713461
10948994
10904994
10788337
10824608
10938526
10886719
10940735
10965567
10828184
10759293
10759110
10908928
10721944
10729021
10805782
10971352
10767790
10885406
10948104
10800719
10938519
10753179
10878686
10954479
10830290
10793758
10705041
10802171
10703698
10853756
10964122
10909921
10892789
10794020
10809426
10819897
10937036
10873420
10914797
10859606
10933900
10832228
10884659
10731571
10922322
10770477
10797809
10785656
10753432
10758360
10799106
10911137
10701069
10904256
10944989
10841225
10886673
10869241
10794928
10943389
10746959
10722170
10906253
10886764
10871959
10726335
10952500
10941711
10768549
10877752
10847346
10964998
10877901
10858094
10805010
10869684
10906277
10720449
10736392
10774529
10741751
10714040
10721057
10926926
10898937
10703744
10828307
10779306
10789806
10760916
10700797
10862699
10800833
10734154
10957662
10723423
10862167
10721570
10899955
10728526
10748610
10742472
10879968
10761752
10700824
10712203
10730020
10836033
10738338
10889552
10713006
10735348
10941877
10713600
10800074
10890331
10788007
10731550
10778656
10841341
10727414
10808685
10890240
10823199
10885175
10839753
10873903
10863641
10915289
10963147
10969306
10898208
10870761
10734807
10722017
10851786
10860073
10840018
10791266
10954559
10850582
10875708
10862655
10825671
10847681
10815736
10878893
10969896
10772156
10769160
10910845
10836866
10934639
10831133
10843060
10933056
10905865
10716377
10759682
10764486
10886034
10860519
10800644
10784993
10868820
10924514
10945689
10776203
10766188
10821651
10888594
10886087
10737384
10739194
10755699
10730508
10824662
10841364
10734833
10791988
10870374
10886662
10880278
10780015
10836918
10813380
10875172
10876654
10925145
10884468
10924417
10795605
10831981
10928424
10947023
10848963
10787811
10821993
10720385
10752398
10817692
10734138
10844193
10746581
10863108
10958097
10748589
10924726
10739227
10742983
10955120
10917523
10724722
10808190
10726953
10753790
10912384
10889586
10945682
10975400
10899462
10947157
10959282
10841837
10784723
10819449
10842874
10955054
10710165
10913595
10917812
10774345
10878584
10749904
10770268
10758029
10953101
10783472
10786804
10827905
10810938
10926595
10768303
10914321
10967202
10711949
10911321
10874981
10796540
10755511
10918116
10923457
10750437
10924409
10864970
10887827
10952753
10961375
10931463
10895206
10812986
10943040
10953811
10737204
10951017
10910092
10710689
10926338
10884916
10931494
10847187
10852324
10906467
10841970
10892513
10897986
10760521
10745198
10765664
10936951
10898590
10776220
10742839
10925561
10891708
10973760
10728485
10921884
10904529
10894761
10849144
10889249
10760457
10916586
10972461
10797836
10857497
10948022
10813185
10859998
10811242
10805755
10819210
10891761
10752386
10964251
10779820
10933556
10928190
10931956
10701829
10737482
10806538
10842435
10919515
10962416
10726576
10710228
10905049
10819803
10794780
10797033
10874879
10808358
10943689
10879046
10783861
10704737
10775348
10799716
10967076
10971814
10788510
10859344
10739495
10818023
10744403
10832140
10734172
10946569
10764152
10900333
10966928
10845566
10889868
10833364
10723905
10929413
10784461
10907644
10957015
10863751
10945452
10832266
10853682
10941558
10710602
10737754
10827019
10968464
10907482
10801205
10892763
10916110
10751018
10743284
10822569
10742067
10846847
10797894
10806810
10867504
10722151
10717682
10802353
10801059
10756822
10955847
10700241
10904705
10866571
10742866
10768419
10808962
10808498
10741560
10747123
10935102
10973828
10723698
10787026
10891830
10821907
10709527
10741906
10766636
10713667
10964060
10922491
10919419
10856093
10860407
10965303
10975590
10820337
10957527
10953414
10803716
10964437
10843955
10816935
10818344
10793954
10848622
10895372
10785580
10952599
10876707
10806672
10930927
10943808
10772885
10832659
10733579
10892156
10967762
10709493
10765499
10832867
10931695
10747262
10911693
10796162
10918492
10789092
10785717
10939338
10796817
10949693
10715125
10799413
10936217
10937049
10726390
10825330
10770141
10742378
10955632
10756154
10789192
10974686
10886388
10720275
10888295
10809752
10787676
10845985
10886340
10872997
10801763
10943909
10850276
10955132
10953900
10829648
10740221
10826683
10926328
10720903
10946785
10735626
10972926
10903008
10828590
10775936
10771863
10973521
10815828
10850835
10834622
10850572
10742084
10767840
10825977
10814442
10787933
10890291
10798545
10717975
10736566
10772254
10720162
10762928
10730961
10860764
10930838
10965288
10948501
10793225
10731269
10780719
10850368
10787156
10927127
10877024
10740044
10855709
10767782
10958282
10863781
10962213
10817823
10749977
10718258
10888999
10796711
10948894
10705244
10840432
10776789
10787997
10809537
10836234
10817364
10764602
10962609
10941369
10737025
10714510
10909189
10778498
10777930
10803371
10928379
10769765
10819069
10766319
10913557
10955142
10972667
10922543
10854788
10886411
10894831
10850371
10963015
10843911
10754194
10755826
10908202
10911025
10913476
10914254
10773000
10839799
10952587
10947512
10842102
10941884
10823462
10868291
10913652
10721177
10897760
10715846
10858224
10701387
10849188
10847205
10812143
10849140
10949548
10788979
10731488
10782859
10912028
10963371
10855117
10700483
10807707
10737293
10798114
10720753
10818999
10972694
10835294
10781032
10921623
10888593
10822759
10701361
10945683
10858218
10867651
10834306
10842454
10969276
10876043
10829246
10970369
10857233
10931054
10726922
10730680
10940113
10710860
10957151
10869826
10782963
10747596
10782064
10819901
10960151
10759666
10748280
10875556
10923728
10703253
10956333
10723565
10907095
10920660
10737981
10795011
10808644
10814163
10893287
10806507
10820774
10775094
10783849
10753903
10843062
10820543
10860983
10947756
10880241
10927810
10850251
10837569
10920767
10807730
10930947
10718246
10784314
10760239
10806385
10749807
10895953
10726500
10919137
10739015
10720542
10849289
10960292
10783958
10962085
10764171
10918073
10908933
10840577
10926023
10811726
10747801
10714795
10814107
10871932
10805393
10820180
10729079
10736818
10890771
10903240
10859055
10750636
10964594
10890418
10910667
10755835
10886002
10853822
10945524
10755716
10713928
10883352
10953463
10934108
10766948
10786153
10783242
10797681
10765298
10891743
10967414
10768117
10847872
10837557
10726065
10704532
10849258
10860736
10873366
10833837
10864113
10815981
10934214
10749539
10943827
10721850
10777999
10730219
10972902
10753336
10745803
10707296
10957933
10848184
10863190
10760888
10769155
10769833
10816490
10761216
10774321
10877036
10866080
10701013
10799423
10716942
10930053
10868088
10872553
10830495
10841855
10826264
10800694
10961405
10816915
10970278
10836192
10802662
10818434
10913892
10755050
10806586
10919380
10927635
10784916
10781288
10858628
10857304
10852072
10919122
10962787
10861438
10942661
10757468
10930035
10754013
10734760
10702737
10832536
10728280
10784609
10887643
10747999
10727671
10825720
10704473
10949296
10812223
10863084
10718497
10733557
10927734
10794528
10801821
10848512
10908435
10722580
10712957
10824255
10800838
10876061
10939351
10903157
10960658
10799830
10853345
10923004
10869833
10975759
10778357
10772514
10704627
10834952
10826961
10855330
10768279
10884969
10929049
10922218
10798823
10803532
10837486
10744210
10792109
10933296
10846135
10896619
10888502
10734183
10890658
10904995
10800689
10838211
10791047
10877533
10877849
10727890
10775641
10956164
10737963
10900589
10920860
10901133
10954276
10898414
10975744
10958970
10867086
10822019
10916136
10863390
10890071
10940696
10836926
10814336
10862923
10811127
10807343
10939355
10791984
10918914
10758040
10968370
10870683
10858681
10743343
10862025
10769926
10828492
10885423
10889208
10971691
10807604
10792174
10723276
10840922
10884519
10943982
10846225
10970500
10764097
10822354
10727357
10872470
10722300
10881850
10868486
10762162
10898647
10895217
10814897
10885931
10941398
10840214
10954426
10780776
10850075
10808609
10714634
10727598
10773537
10867423
10954632
10844266
10713282
10766832
10947876
10944409
10748531
10894616
10883306
10935937
10931118
10708008
10974001
10765408
10925637
10820103
10858048
10911694
10932903
10933527
10955889
10761778
10735508
10872662
10908462
10805620
10735578
10894201
10862531
10700856
10778803
10814300
10969383
10936205
10882588
10780394
10925841
10707598
10925736
10718017
10713012
10742012
10929008
10801428
10766754
10754369
10793327
10938611
10780723
10779830
10806007
10775406
10795757
10812533
10822897
10871733
10719410
10728917
10872194
10946826
10787162
10919049
10715681
10892590
10954609
10862480
10857430
10744030
10793202
10740457
10971423
10865822
10895416
10821206
10932830
10720333
10772920
10950259
10918016
10778211
10822208
10820624
10916169
10933569
10970343
10728972
10852259
10770119
10755688
10898612
10914010
10722008
10742953
10853366
10931755
10730924
10893298
10829420
10788790
10920218
10801492
10833570
10772444
10971396
10953015
10732466
10792249
10946761
10958174
10919253
10782455
10734301
10707189
10899458
10822186
10797976
10943071
10831708
10814941
10840966
10730578
10910161
10874305
10914921
10763378
10972928
10900158
10823167
10711999
10930842
10709639
10839999
10750025
10902921
10888799
10806316
10874456
10916551
10847638
10808964
10813731
10890026
10777825
10834689
10975687
10851613
10775203
10828051
10846504
10849669
10703945
10950703
10838667
10743015
10760360
10925697
10722065
10833039
10954588
10948335
10895830
10918051
10703821
10732172
10857271
10960423
10757179
10800126
10752269
10722901
10964040
10712189
10717558
10816524
10715466
10968037
10943501
10785597
10915699
10799397
10744239
10775571
10947778
10859958
10855090
10791301
10800460
10975116
10946644
10758989
10732395
10940040
10943173
10937744
10761614
10750351
10904643
10846513
10744143
10723162
10886369
10966131
10729938
10723824
10897464
10898577
10841663
10893286
10834475
10967763
10874859
10943133
10839586
10745166
10712035
10947386
10892970
10899803
10795932
10797465
10773947
10877835
10765727
10873572
10939177
10805121
10713574
10894227
10787457
10888253
10865965
10886933
10792619
10759413
10864674
10813596
10807233
10882361
10921378
10775386
10922639
10799782
10881762
10742055
10851568
10714244
10743762
10900314
10735575
10959823
10944625
10864154
10797377
10716262
10782074
10761115
10710091
10766814
10875737
10944842
10790320
10941427
10742419
10788698
10729194
10755371
10716379
10931391
10840069
10729545
10896341
10953983
10727014
10843612
10958937
10845337
10878626
10701477
10761175
10812994
10917302
10723514
10946269
10723130
10746160
10966895
10895348
10749075
10966135
10862203
10954370
10871036
10842813
10970103
10871539
10742096
10754021
10773447
10893963
10727235
10779737
10886820
10773030
10876107
10940615
10873157
10896236
10875931
10972296
10891675
10758419
10929880
10719218
10728747
10726524
10744371
10969871
10857289
10914432
10756167
10857805
10859660
10780162
10907425
10931348
10748294
10959607
10769446
10774409
10805553
10713276
10756978
10837272
10930591
10715402
10755069
10882394
10753756
10743260
10739419
10780006
10817247
10752241
10833245
10765970
10797760
10764955
10843129
10868189
10807387
10919424
10738623
10824027
10903175
10832206
10723593
10946666
10920869
10736239
10711942
10876977
10838558
10722153
10801691
10821296
10947253
10871501
10830940
10972109
10955658
10783114
10783567
10729815
10733009
10767209
10958946
10974912
10971154
10973320
10847181
10778788
10891576
10814473
10771230
10961017
10909020
10849168
10954451
10801517
10901549
10943172
10963587
10873580
10702869
10724039
10889870
10784999
10924307
10747398
10751980
10862684
10894631
10840078
10752860
10897678
10815905
10805583
10745076
10767512
10952655
10847286
10748450
10747167
10850119
10803445
10846357
10833439
10720002
10791139
10949590
10927004
10919083
10807520
10798705
10796947
10795129
10766243
10948020
10790026
10956134
10742907
10903340
10761009
10814662
10893481
10711001
10828318
10869258
10858881
10761733
10918777
10908090
10830349
10851906
10704113
10945582
10930755
10940217
10740270
10763674
10898575
10763150
10766041
10850901
10795743
10941563
10949503
10758459
10871081
10723904
10863543
10934714
10726127
10777989
10743646
10941560
10704998
10919985
10961011
10759398
10889031
10940494
10796352
10922806
10937697
10818601
10969417
10916877
10842667
10964866
10934901
10749662
10781929
10876246
10862334
10704808
10746618
10826671
10769184
10924058
10899204
10868550
10793599
10724934
10717903
10901339
10793455
10954241
10784742
10946362
10733864
10973906
10967683
10829596
10721920
10942765
10713719
10959593
10717596
10955197
10702342
10871181
10777584
10941286
10873087
10711569
10808695
10732629
10740506
10946513
10943784
10717295
10818120
10705539
10905590
10754979
10709347
10759971
10799191
10935413
10738479
10845581
10828301
10808138
10774324
10726580
10718880
10790562
10805783
10767147
10735958
10911089
10945112
10817110
10897719
10932685
10803361
10843987
10719328
10884954
10948846
10835046
10724560
10828033
10899544
10948063
10724842
10920183
10771782
10869372
10907565
10767104
10936959
10901125
10887825
10969654
10742757
10869271
10918538
10854155
10711547
10965005
10795206
10942511
10817608
10937296
10929691
10755185
10851811
10749787
10848051
10881338
10856851
10795829
10894854
10715695
10812517
10884677
10887111
10815934
10710747
10964536
10787677
10892023
10772918
10857256
10726250
10863220
10864096
10856297
10906356
10767745
10767864
10715494
10768677
10766731
10907061
10749516
10708821
10759663
10861139
10816387
10965693
10922744
10938247
10778197
10845374
10900278
10754273
10839973
10880862
10856436
10769603
10861001
10776104
10947086
10775838
10920601
10738185
10782201
10927387
10730928
10771783
10930643
10874302
10930264
10708052
10954684
10916722
10740207
10822719
10891933
10789397
10762210
10743802
10906537
10965138
10923762
10793332
10710527
10731277
10842017
10919875
10888886
10918148
10941868
10880837
10792784
10885765
10738967
10819343
10753557
10845395
10756088
10922243
10958383
10793064
10829565
10824351
10728417
10704601
10956859
10794796
10703574
10902049
10777972
10744011
10924178
10965010
10878160
10856366
10907398
10702710
10896558
10925941
10877040
10927488
10912957
10862581
10835855
10863725
10952037
10820138
10766903
10970157
10709993
10948547
10794413
10964189
10737746
10721522
10920746
10893862
10814047
10838367
10881362
10811583
10777320
10747471
10715732
10761046
10867738
10837813
10715816
10704561
10913549
10747546
10970060
10760832
10765601
10879931
10928735
10952373
10891063
10943180
10719340
10877021
10962909
10737243
10727943
10887903
10869037
10882076
10804887
10743926
10833977
10766039
10811853
10854549
10772137
10954794
10966128
10820025
10733331
10895078
10780439
10723670
10763338
10721514
10940657
10973872
10943136
10911600
10959518
10724666
10831061
10846192
10834229
10970226
10928976
10963106
10740729
10913281
10855198
10798751
10916209
10712221
10956256
10973662
10843163
10720253
10741064
10966132
10948797
10752680
10856621
10933217
10709740
10949637
10709404
10825885
10802206
10703730
10899658
10767779
10862198
10940521
10726236
10762961
10919972
10825212
10793182
10779259
10775978
10810368
10778508
10774108
10812494
10747622
10962651
10953955
10872876
10890989
10803057
10759096
10945346
10838046
10898933
10932475
10958542
10916925
10911520
10849565
10792660
10899386
10879659
10926972
10726181
10747762
10764359
10942297
10971491
10823277
10731435
10756680
10947734
10775729
10953668
10748323
10822120
10861776
10746679
10951932
10859196
10900901
10844409
10909474
10970028
10780446
10787529
10866336
10713056
10954590
10808133
10742660
10970798
10974139
10767812
10817822
10857480
10791525
10748148
10872652
10914132
10763591
10908531
10950559
10882794
10828013
10902815
10969836
10830309
10819091
10867875
10791388
10773820
10814006
10721553
10747220
10900507
10703696
10723912
10726482
10929196
10803125
10765782
10786384
10960144
10810520
10708638
10790863
10960807
10830453
10885839
10805042
10911356
10918559
10846612
10920862
10819651
10713685
10860575
10803496
10707483
10802835
10908139
10943264
10869157
10757303
10939474
10860167
10920135
10954860
10858216
10734621
10812709
10946474
10840081
10802504
10948223
10863859
10823243
10795821
10767424
10704949
10854039
10904326
10887028
10723891
10962563
10964854
10949131
10871511
10964151
10757585
10897439
10829238
10762883
10722026
10905455
10714552
10819993
10764978
10961818
10891029
10716826
10819933
10952405
10775530
10779909
10853141
10888608
10726280
10791879
10848563
10794676
10915283
10973300
10972748
10921542
10951765
10839358
10971604
10805277
10875942
10904696
10876199
10849660
10741869
10974474
10786208
10747967
10713931
10860421
10862725
10766032
10703517
10702771
10943149
10794253
10941616
10750786
10960204
10952151
10841084
10804709
10892687
10770325
10715873
10803236
10761650
10801163
10860922
10886441
10845009
10858847
10717744
10827259
10787107
10799517
10921038
10829645
10832211
10703970
10871791
10930489
10888095
10780912
10937564
10852677
10891170
10915496
10708637
10933254
10862136
10915489
10767159
10921588
10739813
10909638
10868932
10967853
10739308
10772543
10763639
10821892
10751327
10852621
10827774
10768814
10828343
10942481
10768516
10877117
10919519
10758815
10875212
10722904
10875282
10942437
10724359
10713333
10833947
10873759
10734201
10778837
10800720
10759075
10898533
10850578
10894071
10859011
10719763
10941264
10748373
10748875
10858588
10824691
10752420
10800355
10717654
10894895
10913998
10781636
10829342
10930152
10709141
10879702
10888267
10969516
10780588
10850228
10864599
10969101
10819787
10753113
10724300
10771792
10784674
10970359
10960870
10770512
10774322
10864731
10833759
10930249
10747987
10730853
10760474
10960218
10753818
10769535
10831666
10729024
10758958
10789405
10831522
10886066
10918050
10945958
10815042
10912844
10942916
10860802
10928761
10738807
10905140
10789161
10939690
10969242
10839519
10749913
10707767
10726983
10930680
10889592
10706777
10705431
10795147
10807543
10881632
10874247
10728213
10805154
10930921
10842529
10947285
10923828
10711490
10847076
10847720
10777758
10811126
10782022
10749366
10799198
10759931
10781545
10725101
10953148
10955625
10967626
10739271
10731865
10761964
10872208
10772401
10973881
10899273
10865497
10834905
10966588
10868326
10786863
10747862
10823675
10805004
10800560
10790290
10805610
10970951
10839607
10738812
10814230
10825352
10975303
10802684
10970304
10742319
10893840
10816084
10954388
10875878
10800603
10843400
10741332
10767106
10741928
10832038
10766643
10708811
10960177
10895915
10718892
10731757
10908697
10705300
10930509
10889503
10854406
10922966
10809504
10875493
10810804
10823929
10854626
10958599
10868127
10938049
10821660
10946394
10772588
10859828
10810923
10854203
10734736
10925092
10725000
10768935
10842650
10733365
10761220
10770034
10866735
10770557
10866725
10860974
10862161
10746200
10751278
10901890
10914531
10847454
10876665
10737418
10836169
10715388
10960949
10974321
10878279
10733510
10945927
10889873
10897918
10928894
10750470
10810260
10871041
10916148
10913864
10726400
10844045
10720559
10855885
10833715
10785381
10958155
10816675
10927210
10955405
10799148
10775806
10791907
10966183
10782104
10791429
10756386
10735321
10772999
10742557
10743323
10868551
10888763
10719798
10905773
10704143
10919307
10846414
10767690
10941885
10775368
10846797
10859031
10873224
10729154
10861417
10884144
10727973
10880863
10911352
10929483
10859573
10966385
10950714
10781797
10801732
10911925
10739324
10835614
10718405
10918316
10754041
10744907
10930345
10724345
10726759
10933931
10827365
10795003
10789160
10916077
10719982
10849351
10898754
10780294
10730842
10776438
10767822
10801598
10909211
10799627
10859481
10782016
10860048
10776573
10964148
10940456
10953590
10792092
10741212
10700350
10782481
10729387
10754529
10725936
10880568
10711782
10743272
10878598
10869827
10783860
10741062
10858305
10727462
10835635
10847394
10836129
10816191
10950966
10821153
10870175
10747723
10767251
10939127
10877726
10798664
10845279
10841160
10839670
10915726
10884892
10922948
10853760
10950336
10757091
10830988
10832286
10867182
10838708
10865298
10741753
10822754
10829499
10964583
10873733
10900362
10865179
10860775
10759939
10859083
10864023
10832703
10856092
10844624
10716682
10914043
10733493
10936749
10775943
10912442
10971209
10732726
10842156
10823105
10953069
10880335
10747082
10962339
10802870
10821621
10846758
10895966
10796892
10739871
10706026
10921333
10799744
10927165
10808209
10824165
10954616
10933744
10919810
10933717
10805709
10729064
10904401
10753202
10903861
10799583
10748177
10706276
10839472
10834205
10734842
10950055
10887668
10751723
10809047
10792300
10766200
10812773
10701941
10880564
10783123
10842353
10931518
10933260
10882104
10952987
10793533
10770974
10911372
10797464
10933002
10721925
10758095
10884349
10806171
10892176
10719417
10703543
10930517
10767120
10723031
10708833
10860826
10706137
10857767
10797220
10765807
10869056
10815777
10785829
10842234
10807816
10783500
10975180
10820979
10780820
10925180
10943190
10725011
10783650
10823112
10814040
10891829
10931370
10769624
10889865
10845425
10762339
10728904
10781000
10820235
10915213
10761466
10725916
10848606
10791618
10915568
10787198
10705681
10786369
10713739
10889495
10761754
10945813
10843885
10709942
10757884
10712200
10754496
10884532
10843567
10797931
10872091
10867792
10937231
10873008
10900294
10802909
10857909
10873954
10754964
10915125
10936741
10957749
10700047
10957656
10770546
10822044
10945640
10934461
10965635
10924981
10709367
10738542
10907460
10812043
10778927
10735430
10959713
10734015
10938983
10940295
10752766
10881772
10750148
10837124
10784631
10756648
10710390
10960405
10813216
10774034
10710226
10717917
10706967
10789052
10826820
10731844
10875611
10973455
10885808
10721625
10742139
10814885
10974564
10801301
10945412
10889796
10705320
10878268
10823472
10721716
10935097
10789599
10710569
10730132
10927934
10822693
10938272
10973119
10815939
10882616
10878460
10934175
10815467
10827532
10817068
10810937
10850028
10903902
10741953
10725747
10810404
10972855
10973506
10753789
10878946
10805642
10940246
10895268
10967779
10724529
10830433
10787005
10783498
10839105
10764813
10704105
10823364
10891482
10821453
10944424
10930147
10770755
10706281
10808582
10854398
10800099
10857286
10964364
10741390
10752759
10743009
10749164
10727969
10748512
10933249
10712149
10922180
10974628
10865433
10818424
10833960
10869825
10762388
10879338
10812125
10762897
10706964
10962693
10860852
10920378
10942490
10727100
10929633
10949792
10839152
10847874
10823876
10756322
10754970
10906064
10759045
10769106
10771069
10940252
10942593
10794040
10905840
10882384
10723247
10779842
10874509
10797462
10967442
10756564
10834575
10895686
10851803
10918628
10774359
10721524
10848523
10761043
10819206
10788188
10869460
10769341
10864175
10859416
10806737
10944062
10889250
10837795
10852182
10812411
10794784
10875402
10939004
10834313
10753747
10743853
10748523
10933420
10870497
10835314
10888100
10720967
10740034
10756531
10712261
10732166
10764053
10899248
10906062
10829862
10820668
10935359
10822592
10960484
10726208
10856599
10768418
10731849
10918924
10742066
10760611
10956919
10960677
10879307
10751638
10708163
10842704
10789352
10756645
10790857
10764804
10858954
10831271
10735710
10785316
10872863
10787081
10889054
10911330
10776045
10819149
10933116
10812303
10928167
10915829
10722148
10849654
10882153
10847514
10899638
10958239
10910553
10940362
10810090
10831558
10806480
10841346
10970056
10736459
10889296
10950358
10888031
10851583
10716363
10775240
10946929
10869935
10955548
10792438
10879392
10965117
10734981
10934937
10864895
10911981
10953259
10913670
10734309
10714969
10762736
10943091
10865764
10914583
10847804
10826713
10809967
10899604
10794846
10946820
10709477
10972687
10761635
10972342
10945162
10781648
10920017
10898087
10700931
10761719
10809759
10910194
10958718
10749673
10717118
10855533
10786178
10947813
10747201
10763742
10951432
10897865
10758453
10905755
10705248
10735244
10703212
10922975
10705481
10792634
10769398
10705636
10843591
10740790
10775525
10749171
10846052
10711007
10730442
10773883
10760325
10783037
10729970
10727447
10770003
10957470
10727828
10894154
10780997
10765417
10754219
10742618
10709925
10960022
10941723
10788245
10974928
10719203
10909445
10967803
10798818
10729336
10753169
10803561
10881026
10904560
10791702
10788113
10965090
10823682
10836170
10762553
10850161
10860557
10789795
10719918
10826318
10848502
10811811
10828148
10866911
10796842
10850321
10865615
10947418
10952317
10730505
10872393
10792950
10764818
10900917
10915269
10809370
10950650
10740408
10877619
10892348
10924576
10767870
10889570
10782939
10716591
10938157
10904125
10864389
10968636
10873275
10787999
10940317
10835979
10869004
10844883
10710841
10726233
10872135
10833911
10887375
10903449
10852388
10883613
10923587
10941198
10892905
10745954
10716334
10958168
10949250
10906789
10783314
10860315
10919956
10826652
10705881
10814785
10767489
10721742
10891291
10959918
10929839
10873364
10733369
10959591
10736141
10917698
10893376
10705784
10797141
10717846
10906668
10823507
10716029
10712874
10737231
10928464
10847811
10745643
10974652
10700547
10765464
10973074
10862943
10745296
10803479
10892811
10759604
10899683
10830680
10727060
10899569
10957789
10778764
10762685
10884501
10760675
10930981
10801189
10964112
10796032
10915694
10787379
10942517
10762273
10735950
10894478
10771315
10742200
10962067
10703832
10958667
10872843
10962514
10858983
10700823
10872313
10920423
10718111
10856076
10887116
10927312
10829012
10763145
10860454
10799375
10824643
10769777
10786877
10970786
10718396
10931322
10873989
10759500
10739318
10863676
10789561
10868405
10917255
10756995
10807573
10834803
10724886
10842939
10811073
10821334
10941093
10813469
10857978
10877210
10779284
10950614
10762788
10815730
10953761
10957586
10856125
10805068
10817944
10789311
10902419
10870327
10779324
10916706
10888286
10731087
10942739
10820296
10940038
10918899
10739804
10701849
10903155
10854560
10777105
10801617
10936633
10762333
10971332
10971669
10721067
10922032
10931084
10820924
10874683
10891128
10873054
10738979
10807706
10763146
10795965
10937048
10823518
10930080
10826984
10922363
10961582
10846672
10941322
10858944
10799634
10940126
10835891
10773908
10847281
10968872
10944731
10936750
10758883
10970419
10953169
10767529
10707970
10765994
10954882
10772504
10724916
10740259
10744438
10828586
10949535
10729603
10788096
10742927
10837076
10796100
10798898
10933010
10778763
10757291
10872305
10752944
10881946
10874568
10755490
10712240
10706263
10809003
10792214
10925438
10731062
10747527
10769882
10897650
10796360
10752822
10886295
10740485
10955743
10952639
10788820
10844950
10758990
10914648
10869627
10919247
10825052
10945302
10754343
10845859
10816695
10917546
10762761
10745845
10921298
10883736
10878648
10745538
10876417
10854198
10975402
10876250
10873469
10842081
10917658
10849793
10963521
10706588
10908145
10748398
10971113
10849039
10802641
10801945
10952978
10931919
10947089
10742883
10783262
10849853
10703478
10730295
10949771
10873543
10945995
10885267
10892125
10728098
10889536
10736985
10842852
10891054
10850623
10807803
10818218
10815724
10730700
10930856
10901778
10865914
10915241
10835340
10918829
10868188
10726410
10915953
10890449
10730522
10909055
10725074
10972852
10943591
10877875
10815429
10809602
10825146
10965706
10831800
10772707
10768394
10750784
10704713
10956160
10798298
10765180
10728913
10821401
10956067
10796411
10840911
10946908
10837069
10705269
10704162
10752267
10725636
10808131
10731203
10888663
10766675
10956860
10808980
10762352
10970401
10770969
10944432
10908417
10861670
10834828
10883636
10900247
10804325
10944895
10816526
10716779
10788828
10851070
10845462
10961811
10924306
10975709
10836112
10736373
10955195
10712835
10894841
10856841
10919474
10953043
10856082
10817287
10885307
10844194
10916055
10862682
10848049
10934281
10889206
10845525
10707949
10855565
10827944
10847620
10744982
10788609
10746331
10743929
10770058
10897706
10796915
10908399
10865876
10738483
10842550
10853337
10701817
10769820
10908380
10862424
10919524
10835672
10701010
10775204
10729667
10718611
10707360
10885096
10738606
10925859
10904717
10797998
10848440
10939880
10772405
10836617
10890561
10722887
10858189
10736993
10878526
10811944
10883288
10737266
10933746
10967419
10798786
10959702
10969662
10706548
10813145
10751953
10721684
10839851
10866081
10795176
10968313
10794347
10726737
10897538
10940253
10949125
10795115
10830097
10795777
10878294
10862455
10785222
10759510
10965730
10700171
10972904
10767445
10784531
10723233
10884600
10937530
10912323
10819535
10754546
10751071
10767930
10720905
10953389
10759392
10795785
10778769
10973368
10903979
10841697
10761295
10834750
10868823
10731615
10840973
10929091
10845416
10956432
10895774
10830616
10946846
10896062
10755512
10868641
10740961
10871933
10914953
10880513
10966417
10808670
10902737
10856620
10886056
10766724
10848344
10905065
10852460
10927485
10893602
10719976
10862160
10867161
10935619
10963288
10708186
10700244
10913375
10862031
10822600
10965177
10888970
10822252
10861615
10971587
10750179
10768485
10931216
10794377
10857427
10886910
10814108
10833703
10859162
10905839
10811025
10777288
10711704
10815305
10891327
10785622
10902997
10937120
10775907
10871393
10800042
10799792
10810625
10798627
10929904
10746097
10891812
10750300
10818113
10842998
10839684
10783082
10717480
10927560
10703528
10948781
10845368
10924716
10896720
10759767
10724983
10919702
10725364
10795062
10876366
10827730
10912918
10804755
10892440
10794637
10903171
10770728
10823798
10837160
10782189
10790203
10890780
10962068
10807793
10806082
10870628
10765433
10809601
10958076
10942267
10764460
10966293
10714915
10914794
10860154
10899498
10730202
10868334
10841370
10814332
10918878
10890584
10719839
10827125
10836301
10700941
10906170
10915297
10780902
10724430
10796017
10872429
10714336
10820811
10709780
10752811
10950743
10744993
10720392
10857457
10800303
10734550
10762319
10762102
10925537
10808801
10764647
10705952
10710195
10908054
10706269
10824223
10945099
10891454
10831531
10879759
10902176
10833447
10763066
10828946
10789298
10914939
10897035
10790588
10737151
10965775
10928769
10926122
10860259
10854557
10752631
10764687
10867522
10943251
10940637
10942583
10894751
10867282
10719748
10851305
10734419
10885772
10965214
10769506
10716203
10887634
10849857
10970054
10920917
10743153
10871024
10827924
10730378
10764484
10970785
10847841
10831640
10965814
10937863
10972999
10818072
10820695
10781127
10709372
10701284
10878363
10834372
10888322
10815559
10956057
10820214
10812283
10788872
10916430
10875076
10723135
10866158
10936201
10896589
10787489
10827439
10757170
10961864
10859033
10763744
10895849
10881646
10924900
10761447
10900940
10930432
10954567
10734771
10839987
10707455
10800943
10823204
10904111
10824759
10718087
10954250
10781195
10903813
10908273
10880175
10831269
10786726
10707932
10705044
10751444
10725575
10898225
10861707
10969104
10956948
10969019
10833482
10897790
10775872
10941139
10870522
10740479
10863651
10973227
10742806
10700412
10750558
10844612
10809909
10913509
10762049
10858579
10877611
10828421
10700577
10894446
10893056
10869842
10895214
10933327
10804099
10814123
10709063
10888503
10749010
10810200
10864825
10825343
10951140
10896410
10888436
10920816
10956726
10951878
10922552
10916977
10727600
10972826
10906699
10920245
10968496
10876121
10740499
10773607
10725046
10930698
10880395
10725237
10897699
10889727
10974566
10719713
10940001
10860881
10955271
10842205
10848441
10883673
10727328
10750975
10929994
10947042
10814690
10899388
10755075
10975713
10951181
10972356
10828570
10706679
10874780
10907692
10810259
10770293
10825229
10721191
10900711
10881350
10925065
10890508
10763580
10910359
10929170
10714879
10728577
10821335
10816043
10928564
10793067
10778081
10758494
10950948
10843372
10819678
10710148
10828374
10716102
10842795
10775724
10960502
10870414
10743975
10941307
10701598
10967670
10791622
10718368
10724981
10897598
10947017
10713141
10727133
10821028
10767871
10897494
10721247
10713228
10804500
10772135
10883891
10918409
10925732
10811642
10945901
10719869
10782693
10963474
10775543
10754301
10912715
10709831
10814024
10911985
10772704
10824618
10875335
10718590
10975315
10773830
10913235
10895788
10750296
10885953
10816696
10911159
10704923
10845865
10804593
10939291
10859739
10945198
10960911
10793606
10934910
10738704
10861394
10955283
10863232
10920221
10891648
10810345
10903789
10716253
10700082
10746172
10947459
10730461
10908724
10747761
10929474
10962294
10717638
10814515
10969488
10897747
10892132
10799405
10917031
10974101
10741113
10786778
10762605
10750301
10702645
10765233
10837822
10747804
10879555
10701412
10773038
10777516
10754193
10765308
10735553
10937748
10867523
10928785
10880076
10896791
10860560
10891930
10746882
10715519
10864537
10791216
10737965
10736488
10767553
10879561
10784616
10958158
10771198
10796937
10893167
10863846
10820805
10808059
10833507
10914781
10708314
10762435
10769518
10717587
10884167
10740204
10865480
10703509
10798694
10793453
10854839
10738096
10792292
10823486
10758398
10944544
10944682
10926586
10910853
10751473
10956510
10738843
10798036
10755757
10885908
10717681
10898227
10799587
10795992
10770191
10956481
10831965
10907737
10961187
10964482
10729248
10967216
10897525
10880365
10940824
10956273
10742327
10740986
10948484
10709246
10789647
10813840
10852325
10812195
10793851
10940671
10838762
10972012
10833572
10793839
10705221
10795854
10754011
10870059
10906844
10861469
10843876
10839299
10757740
10838344
10837296
10875366
10807190
10703580
10712048
10954995
10820100
10701701
10783656
10781449
10956097
10783709
10972974
10930353
10943128
10731602
10890917
10721380
10911624
10884503
10878795
10786248
10800220
10771219
10719931
10937405
10809758
10939072
10858964
10882538
10951985
10899789
10720650
10746100
10776630
10804052
10801955
10863256
10919848
10727068
10898711
10712416
10948947
10824090
10720956
10733549
10757995
10957870
10847909
10858491
10842105
10814861
10794052
10712434
10862440
10866596
10965282
10843533
10762268
10779136
10820989
10804332
10803749
10714456
10831422
10754119
10889408
10771089
10964435
10963327
10918545
10901363
10826995
10950735
10752298
10771075
10749700
10845022
10785195
10893928
10753026
10715554
10737528
10905090
10973980
10709944
10712115
10930023
10739322
10863925
10832489
10843741
10731083
10950309
10947034
10742253
10938151
10787744
10781474
10751047
10768424
10785785
10850869
10855779
10892573
10756273
10777264
10895419
10835879
10896835
10820080
10939746
10739198
10795994
10955188
10723380
10724213
10768556
10937244
10890879
10774595
10785613
10917867
10929979
10858070
10807230
10840508
10860088
10773393
10865978
10810650
10951030
10838249
10903682
10842908
10748169
10925188
10800450
10973407
10764226
10831293
10719429
10891536
10918224
10755295
10974187
10734262
10867011
10769105
10708656
10859835
10883270
10874886
10900433
10936440
10838215
10812198
10731433
10763879
10796523
10935537
10927608
10947317
10718569
10733977
10865383
10779219
10745825
10792273
10726413
10701801
10763877
10864162
10758484
10760763
10907851
10961141
10745733
10844284
10822410
10893195
10881698
10721406
10839320
10732205
10931192
10722268
10888044
10860919
10919494
10836930
10849407
10970923
10958289
10907579
10779290
10739202
10939023
10770376
10907967
10743341
10909072
10817814
10892919
10746708
10798613
10771227
10797143
10750456
10752748
10955379
10975721
10954963
10783407
10796034
10732445
10741832
10925505
10937710
10929546
10887932
10891334
10959695
10942124
10889590
10730988
10809078
10830677
10729837
10916024
10921776
10915408
10708770
10884085
10883915
10971237
10957389
10707836
10776345
10820095
10726472
10892130
10757043
10950633
10904426
10702163
10847936
10752213
10790739
10748092
10733584
10833262
10771491
10894789
10927879
10842941
10833480
10766158
10819899
10880534
10861277
10953870
10921562
10943148
10913107
10869336
10940802
10895192
10859466
10787696
10910109
10938065
10841013
10928587
10937634
10717293
10888459
10819402
10852094
10791280
10799444
10888636
10785953
10789858
10941315
10804552
10905331
10872981
10758329
10708730
10838611
10854719
10864209
10887383
10944086
10809067
10822825
10936500
10909470
10792400
10917342
10739100
10793206
10936178
10784738
10887353
10843360
10852720
10871040
10841457
10723851
10796979
10838224
10789916
10949090
10786452
10844318
10896248
10824185
10712346
10854884
10731762
10899347
10859178
10894827
10897173
10797727
10824101
10827432
10785730
10749963
10942070
10800658
10835022
10763736
10769366
10822514
10933621
10910218
10728000
10777566
10788899
10823035
10863457
10825529
10772201
10754431
10894665
10711065
10849992
10964043
10972530
10868985
10741724
10711401
10896964
10918160
10822139
10806161
10936654
10814797
10825382
10951272
10905564
10809883
10871926
10869324
10802946
10967834
10890072
10903259
10880810
10817027
10841297
10916546
10799173
10758164
10718707
10822581
10897022
10845943
10897334
10812183
10710201
10750643
10872321
10890182
10735730
10941076
10926714
10722390
10702050
10727583
10914971
10912753
10839907
10951457
10832299
10841095
10959984
10824913
10956366
10709447
10964543
10774750
10805649
10794638
10953951
10763696
10917912
10751005
10787409
10913154
10710323
10839988
10810356
10936880
10910943
10884336
10887988
10959643
10889615
10722241
10885613
10799151
10917884
10823096
10948046
10883108
10972644
10787828
10919884
10703636
10791227
10941892
10913207
10811306
10967939
10830553
10963613
10745022
10953783
10947262
10905682
10748669
10959401
10734249
10754776
10752896
10883043
10735722
10750486
10719686
10966550
10703998
10759134
10815780
10708375
10959951
10889999
10930260
10843652
10780289
10840152
10956810
10955368
10948390
10854158
10837325
10922110
10933306
10701348
10735605
10713076
10745236
10757120
10776057
10767031
10763805
10872665
10889525
10777453
10811643
10868618
10847317
10759443
10914064
10775818
10755480
10844438
10741134
10707998
10736352
10704791
10871555
10895409
10930973
10735996
10961755
10943355
10837556
10792748
10878336
10867767
10938120
10845446
10930292
10901990
10737451
10743235
10761505
10724726
10880329
10948322
10793725
10780269
10726274
10808505
10847082
10824347
10816481
10852881
10787948
10776492
10745406
10924710
10902218
10781147
10936052
10899354
10912515
10836220
10792718
10762086
10784121
10708158
10974828
10918993
10721264
10946898
10717244
10772854
10742331
10737022
10706456
10705235
10783620
10975010
10942746
10761010
10924379
10767517
10861471
10868834
10711963
10741500
10890126
10836434
10853414
10736892
10814639
10939753
10903669
10854540
10765693
10806463
10709897
10782791
10779565
10836267
10877574
10852283
10721740
10867395
10963565
10969930
10787312
10900462
10730694
10970298
10857141
10954672
10865798
10777809
10712217
10969935
10742564
10868816
10903711
10708209
10802178
10883877
10816627
10801533
10769093
10700339
10734637
10924226
10796384
10973329
10936072
10893682
10969782
10882526
10856999
10850643
10723761
10707200
10813258
10744880
10826832
10887186
10869851
10781571
10775278
10727352
10824864
10827575
10764208
10847525
10861232
10720686
10816300
10959868
10770011
10791371
10840837
10964228
10902902
10754121
10829015
10910419
10825725
10717534
10846580
10827128
10926021
10735412
10770524
10740419
10799858
10945244
10940260
10881390
10856626
10850979
10780013
10902692
10715631
10793857
10929541
10917574
10921642
10953291
10786400
10832533
10862919
10942742
10719301
10959809
10771013
10752008
10901144
10933687
10806396
10780916
10818203
10762628
10736415
10910070
10888184
10947966
10879446
10902332
10974711
10865721
10798796
10701115
10845773
10964338
10798907
10735369
10816349
10798957
10954229
10783744
10956925
10751443
10867904
10775644
10969125
10808802
10876918
10718175
10772362
10939101
10884024
10757370
10958811
10879591
10909444
10793274
10963915
10814248
10796078
10779388
10844911
10865049
10846583
10973863
10826399
10896492
10880818
10937537
10711932
10704087
10751618
10899007
10869643
10828273
10781980
10713968
10737647
10868028
10908814
10763190
10796278
10752068
10767393
10919435
10827038
10868938
10964036
10803013
10739256
10871033
10930114
10792917
10915857
10826015
10884115
10957194
10950307
10804110
10896051
10755838
10770282
10911861
10739897
10801210
10843193
10788876
10948873
10764490
10948407
10790002
10833578
10901893
10843654
10841867
10846512
10951171
10751895
10920396
10940128
10823393
10973216
10848342
10948838
10919476
10834177
10935238
10773396
10925932
10905439
10930245
10815086
10805691
10887373
10806495
10845238
10925815
10848653
10938434
10720981
10727553
10915207
10842348
10883872
10933618
10762013
10900919
10734494
10789846
10951395
10970560
10832632
10740566
10963064
10911856
10844890
10921313
10846331
10724690
10745587
10720428
10907622
10844124
10966826
10882036
10852130
10905639
10762973
10716455
10974967
10940347
10949150
10951834
10965914
10840777
10870498
10852506
10779475
10766983
10705869
10952526
10882647
10813410
10917263
10701652
10881603
10824379
10827947
10817178
10954799
10869142
10786723
10843020
10898101
10700108
10767605
10728686
10971848
10909834
10793791
10750002
10810866
10788284
10776847
10818204
10826279
10818685
10896807
10931350
10717920
10938940
10769611
10911913
10851988
10883715
10943509
10810434
10901442
10799526
10941468
10709255
10703758
10846683
10917279
10755495
10701292
10741049
10870283
10787573
10755710
10812889
10797881
10730536
10933464
10757746
10800328
10949029
10737858
10863683
10936623
10802092
10774673
10834701
10759446
10788640
10808886
10817209
10904896
10724573
10876897
10759498
10903189
10703739
10903366
10858972
10894286
10953996
10866371
10766383
10878244
10800414
10811324
10815379
10854161
10767677
10913127
10952965
10865312
10724304
10854995
10887308
10878292
10929647
10924652
10747183
10947827
10749502
10840233
10709000
10715722
10892035
10788359
10723932
10862468
10930781
10834979
10955603
10937572
10792175
10799424
10794233
10962491
10842210
10700237
10771438
10956790
10942174
10780958
10962828
10724864
10821557
10851616
10928719
10704589
10737509
10845928
10765301
10853881
10765624
10724843
10860303
10759994
10855601
10971923
10927712
10777872
10857077
10903922
10814420
10972316
10858164
10747069
10769012
10888458
10934694
10741326
10849186
10928900
10941064
10747558
10957316
10945941
10907721
10754639
10866469
10770558
10715627
10798623
10828081
10746946
10806821
10877692
10931361
10729664
10835085
10821396
10894731
10866010
10876883
10901123
10817680
10706554
10840411
10898563
10847278
10948545
10763995
10805132
10808767
10765642
10773142
10926849
10863803
10826588
10827556
10717409
10717057
10745613
10906052
10941186
10712213
10733573
10716396
10824354
10807372
10749481
10700156
10827362
10786323
10923732
10706133
10794573
10908981
10821623
10814621
10732233
10961562
10829726
10973668
10828181
10762571
10744425
10798959
10895749
10731626
10896198
10705284
10784365
10740598
10736497
10894717
10824149
10739218
10767075
10825971
10825962
10942599
10795654
10738650
10946556
10968774
10771987
10729901
10822145
10828601
10797616
10742723
10778657
10748706
10831793
10969454
10959871
10933718
10859942
10956606
10740521
10827533
10873879
10913839
10896659
10900646
10863164
10941865
10952562
10762937
10776330
10969951
10843438
10807447
10766934
10963001
10926196
10707560
10935085
10863424
10723065
10761934
10868902
10813825
10868204
10841888
10878844
10892173
10753330
10930301
10824243
10952837
10882475
10713448
10938926
10782799
10788625
10808736
10778710
10832258
10754974
10957487
10910659
10894986
10706864
10813716
10780164
10734455
10728281
10705857
10812356
10850254
10829239
10843329
10799916
10960097
10855521
10826223
10933554
10770039
10718340
10728813
10975071
10747648
10716954
10790590
10769200
10878687
10716484
10890763
10908071
10949575
10746879
10714671
10728516
10967680
10874755
10805713
10945102
10804913
10757704
10782930
10786222
10939173
10802031
10858885
10723021
10829479
10774836
10789431
10722307
10736325
10871760
10971530
10786743
10927626
10734646
10973441
10862749
10812414
10916735
10770673
10960227
10827074
10944644
10923293
10725294
10754543
10925327
10892616
10763023
10777025
10904847
10934532
10738877
10729717
10951507
10902717
10809333
10712731
10973239
10891565
10788399
10736072
10760161
10819642
10902913
10901410
10940108
10936563
10770085
10941116
10974086
10971335
10752141
10814518
10772713
10807611
10766347
10967048
10853708
10891740
10958409
10931680
10834416
10910356
10962602
10774917
10915292
10912132
10720432
10813754
10775338
10810631
10824534
10817757
10806000
10844530
10754142
10822338
10841659
10892578
10870820
10811268
10920550
10821132
10747241
10725867
10943858
10962622
10888899
10746350
10888457
10828578
10874077
10867140
10934114
10773686
10864521
10935638
10852585
10915403
10895793
10777103
10752760
10819729
10914842
10923696
10941303
10801156
10811649
10842870
10727930
10864157
10891258
10705720
10711443
10784656
10881211
10867244
10731051
10917865
10709544
10707612
10779944
10791492
10934779
10906194
10800013
10820270
10938856
10900221
10860897
10939853
10709441
10790202
10827098
10759748
10740814
10815105
10928372
10855690
10705297
10748671
10849334
10933345
10881733
10786760
10732511
10955376
10748632
10968314
10940827
10870323
10934936
10792577
10703291
10872856
10743957
10888768
10777603
10970013
10747673
10955494
10703561
10858769
10862627
10892546
10718561
10889563
10701417
10705450
10832498
10861504
10745032
10895097
10820443
10835365
10775968
10941769
10883128
10962772
10758718
10969440
10942901
10843689
10954969
10970961
10885158
10750608
10948761
10907957
10967752
10757211
10884538
10808448
10775012
10719113
10775487
10722430
10888512
10717255
10866135
10916968
10898527
10864814
10824474
10803805
10799063
10709303
10909982
10965536
10703165
10708732
10898155
10935439
10868864
10925040
10769255
10810630
10819783
10818582
10936710
10778961
10932639
10896722
10802810
10721070
10931022
10903870
10830521
10815592
10739059
10897531
10888179
10872092
10919643
10738126
10779208
10775990
10971098
10784183
10792194
10794615
10891532
10881965
10835145
10788813
10866528
10925340
10868597
10939560
10721801
10942057
10786131
10758481
10902860
10764231
10752131
10707089
10854655
10963320
10715150
10921906
10964578
10937953
10760652
10824638
10715701
10958121
10753434
10841166
10706414
10869755
10782579
10813049
10895628
10804091
10946390
10824580
10859642
10854123
10907708
10930924
10822335
10865801
10756673
10969329
10847435
10929743
10770205
10948579
10793471
10965558
10794513
10882399
10907988
10920822
10959139
10761156
10917392
10947612
10868815
10935497
10847170
10738133
10791342
10755085
10879162
10861251
10841905
10971440
10937525
10866086
10975225
10920524
10861700
10753361
10898863
10883247
10937109
10837138
10725807
10896919
10966733
10758766
10792307
10910560
10951574
10740784
10937368
10794488
10927295
10866663
10777702
10733500
10895579
10871598
10966007
10734247
10783275
10739346
10722517
10777189
10884368
10706705
10791339
10879944
10908011
10890172
10785842
10729765
10745346
10916776
10964275
10754830
10884238
10705522
10882352
10910716
10889556
10907831
10954346
10790158
10803793
10844102
10918616
10860381
10948815
10746411
10838079
10769659
10854868
10747805
10753746
10847535
10837913
10804708
10937414
10906365
10839139
10934895
10973308
10839062
10889589
10769058
10873211
10706341
10824604
10884982
10777147
10951456
10851118
10973758
10864434
10896808
10854686
10845706
10782116
10747411
10911242
10862508
10851673
10871289
10897746
10723652
10866327
10872056
10851735
10971996
10749841
10701153
10964408
10858003
10779435
10888760
10819930
10708958
10827340
10880072
10799138
10859461
10932369
10712995
10975728
10825927
10861737
10856290
10846074
10923968
10893487
10791044
10714465
10884373
10801396
10885522
10737257
10942268
10710458
10895963
10777217
10963701
10909566
10701322
10807047
10747027
10745472
10772644
10926344
10866424
10780105
10847829
10811448
10915590
10748888
10733117
10939518
10701075
10945370
10925757
10726154
10946726
10708655
10897571
10702107
10888910
10915698
10916673
10746848
10819428
10857660
10871353
10781565
10769723
10928869
10967598
10780696
10780868
10780984
10812202
10863060
10707431
10861658
10854631
10774392
10961451
10897073
10729465
10871507
10902770
10867490
10913340
10975491
10955714
10946876
10784325
10783310
10742536
10809973
10877940
10801673
10809503
10921990
10820215
10974406
10764710
10817112
10973024
10721377
10972747
10924631
10786317
10953969
10828054
10955996
10800197
10771624
10746920
10761743
10865083
10805727
10718585
10781399
10941625
10775994
10776746
10701493
10900273
10931191
10932501
10887434
10800725
10718315
10816289
10755965
10790694
10826926
10896024
10890048
10930800
10938455
10867657
10835821
10886877
10941612
10794618
10880648
10743042
10829592
10942518
10758352
10913152
10721994
10716831
10807955
10767141
10973233
10871967
10721616
10798352
10769803
10945838
10760900
10729306
10822344
10731655
10974092
10829767
10801871
10781939
10757514
10863205
10969025
10918994
10934438
10851886
10895620
10750639
10783499
10757895
10748010
10868301
10838609
10833451
10948744
10916162
10843964
10846004
10929678
10867733
10975383
10913443
10903061
10755387
10861788
10716220
10769878
10814421
10869823
10808948
10964976
10734647
10877895
10798975
10842059
10854129
10901422
10827992
10857818
10702321
10868037
10745893
10717544
10920756
10958721
10849328
10725929
10818275
10708737
10752067
10963337
10778055
10897375
10827323
10830795
10962469
10974274
10817245
10957993
10950241
10784419
10940305
10926804
10904727
10918339
10756030
10869561
10788250
10771005
10835179
10971949
10852455
10777894
10848156
10971236
10792450
10843625
10869574
10825335
10757067
10929697
10836254
10920623
10882542
10848208
10928061
10795531
10831428
10958461
10804574
10915998
10829211
10973512
10938003
10708443
10727359
10877387
10875256
10754945
10775852
10772629
10776650
10893058
10834027
10920694
10714103
10888484
10773887
10894565
10910242
10912025
10781179
10763394
10700116
10860126
10733192
10900714
10761481
10946106
10919899
10716841
10961204
10897862
10825472
10729332
10909044
10835330
10883821
10960507
10904155
10889553
10914615
10926244
10714754
10906302
10969614
10762714
10822334
10872410
10925286
10817265
10701851
10969545
10970095
10776012
10935183
10898423
10863795
10858051
10828242
10902443
10822610
10772189
10939078
10876685
10953628
10953366
10808873
10775009
10885065
10960420
10819499
10708682
10723277
10753729
10970496
10734940
10922674
10779827
10949190
10924558
10964138
10744046
10782365
10872832
10972344
10793668
10962961
10783450
10769914
10889404
10853089
10861851
10794163
10865355
10746700
10930941
10969206
10934362
10807269
10899212
10838481
10815224
10858692
10951333
10709487
10934139
10724874
10866278
10738118
10807725
10783178
10890274
10720882
10752873
10960404
10973961
10705986
10774786
10807512
10820044
10879566
10815461
10738955
10813890
10861472
10933350
10821879
10960724
10927025
10875704
10734066
10951050
10910536
10913970
10839838
10969648
10748973
10840178
10772117
10898329
10780026
10712370
10863856
10727324
10925802
10899440
10937743
10768009
10760964
10757861
10742008
10770683
10860176
10881948
10945032
10833035
10860397
10902441
10782394
10927462
10710470
10947791
10817478
10777864
10932179
10912330
10877789
